x = [1 3 5 7]

x =

     1     3     5     7

y = x.*x

y =

     1     9    25    49

plot(y)
diary off
